3.1415926535
 8979323846
 26433832
 1415926535
 8979323846
 264331415926535
 8979323846
 264331415926535
 8979323846
 264331415926535
 8979323846
 264331415926535
 8979323846
 264331415926535
 8979323846
 264331415926535
 8979323846
 264331415926535
 8979323846
 264331415926535
 8979323846
 264331415926535
 8979323846
 264331415926535
 8979323846
 264331415926535
 8979323846
 264331415926535
 8979323846
 264331415926535
 8979323846
 264331415926535
 8979323846
 264331415926535
 8979323846
 264331415926535
 8979323846
 264331415926535
 8979323846
 264331415926535
 8979323846
 264331415926535
 8979323846
 264331415926535
 8979323846
 264331415926535
 8979323846
 264331415926535
 8979323846
 264331415926535
 8979323846
 264331415926535
 8979323846
 264331415926535
 8979323846
 264331415926535
 8979323846
 264331415926535
 8979323846
 264331415926535
 8979323846
 264331415926535
 8979323846
 264331415926535
 8979323846
 264331415926535
 8979323846
 264331415926535
 8979323846
 264331415926535
 8979323846
 264331415926535
 8979323846
 264331415926535
 8979323846
 264331415926535
 8979323846
 264331415926535
 8979323846
 264331415926535
 8979323846
 264331415926535
 8979323846
 264331415926535
 8979323846
 264331415926535
 8979323846
 264331415926535
 8979323846
 264331415926535
 8979323846
 264331415926535
 8979323846
 264331415926535
 8979323846
 264331415926535
 8979323846
 264331415926535
 8979323846
 264331415926535
 8979323846
 264331415926535
 8979323846
 264331415926535
 8979323846
 264331415926535
 8979323846
 264331415926535
 8979323846
 264331415926535
 8979323846
 264331415926535
 8979323846
 264331415926535
 8979323846
 264331415926535
 8979323846
 264331415926535
 8979323846
 264331415926535
 8979323846
 264331415926535
 8979323846
 264331415926535
 8979323846
 264331415926535
 8979323846
 264331415926535
 8979323846
 264331415926535
 8979323846
 264331415926535
 8979323846
 264331415926535
 8979323846
 264331415926535
 8979323846
 264331415926535
 8979323846
 264331415926535
 8979323846
 264331415926535
 8979323846
 264331415926535
 8979323846
 264331415926535
 8979323846
 264331415926535
 8979323846
 264331415926535
 8979323846
 264331415926535
 8979323846
 264331415926535
 8979323846
 264331415926535
 8979323846
 264331415926535
 8979323846
 264331415926535
 8979323846
 264331415926535
 8979323846
 264331415926535
 8979323846
 264331415926535
 8979323846
 264331415926535
 8979323846
 264331415926535
 8979323846
 264331415926535
 8979323846
 264331415926535
 8979323846
 264331415926535
 8979323846
 264331415926535
 8979323846
 264331415926535
 8979323846
 264331415926535
 8979323846
 264331415926535
 8979323846
 264331415926535
 8979323846
 264331415926535
 8979323846
 264331415926535
 8979323846
 264331415926535
 8979323846
 264331415926535
 8979323846
 264331415926535
 8979323846
 264331415926535
 8979323846
 264331415926535
 8979323846
 264331415926535
 8979323846
 264331415926535
 8979323846
 264331415926535
 8979323846
 264331415926535
 8979323846
 264331415926535
 8979323846
 264331415926535
 8979323846
 264331415926535
 8979323846
 264331415926535
 8979323846
 264331415926535
 8979323846
 264331415926535
 8979323846
 264331415926535
 8979323846
 264331415926535
 8979323846
 264331415926535
 8979323846
 26433v